600495
600496
600497
600498
600499
600500
600501
600502
600503
600505
600506
600507
600508
600509
600510
600511
600512
600513
600515
600516
600517
600518
600519
600520
600521
600522
600523
600525
600526
600527
600528
600529
600530
600531
600532
600533
600535
600536
600537
600538
600539
600540
600543
600545
600546
600547
600548
600549
600550
600551
600552
600553
600555
600556
600557
600558
600559
600560
600561
600562
600563
600565
600566
600567
600568
600569
600570
600571
600572
600573
600575
600576
600577
600578
600579
600580
600581
600582
600583
600584
600585
600586
600587
600588
600589
600590
600591
600592
600593
600594
600595
600596
600597
600598
600599
600600
600601
600602
600603
600604
600605
600606
600607
600608
600609
600610
600611
600612
600613
600614
600615
600616
600617
600618
600619
600620
600621
600622
600623
600624
600626
600627
600628
600629
600630
600633
600634
600635
600636
600637
600638
600639
600640
600641
600642
600643
600644
600645
600647
600648
600649
600650
600651
600652
600653
600654
600655
600656
600657
600658
600660
600661
600662
600663
600664
600665
600666
600667
600668
600671
600673
600674
600675
600676
600677
600678
600679
600680
600681
600682
600683
600684
600685
600686
600687
600688
600689
600690
600691
600692
600693
600694
600695
600696
600697
600698
600699
600701
600702
600703
600704
600705
600706
600707
600708
600710
600711
600712
600713
600714
600715
600716
600717
600718
600719
600720
600721
600722
600723
600724
600725
600726
600727
600728
600729
600730
600731
600732
600733
600734
600735
600736
600737
600738
600739
600740
600741
600742
600743
600744
600745
600746
600747
600748
600749
600750
600751
600753
600754
600755
600756
600757
600758
600759
600760
600761
600763
600764
600765
600766
600767
600768
600769
600770
600771
600773
600774
600775
600776
600777
600778
600779
600780
600781
600782
600783
600784
600785
600786
600787
600789
600790
600791
600792
600793
600794
600795
600796
600797
600798
600800
600801
600802
600803
600804
600805
600806
600807
600808
600809
600810
600811
600812
600814
600815
600816
600817
600818
600819
600820
600821
600822
600823
600824
600825
600826
600827
600828
600829
600830
600831
600831
600833
600834
600835
600836
600837
600838
600839
600840
600841
600842
600843
600844
600845
600846
600847
600848
600850
600851
600853
600854
600855
600856
600857
600858
600859
600860
600861
600862
600863
600864
600865
600866
600867
600868
600869
600870
600871
600872
600873
600874
600875
600876
600877
600879
600880
600881
600882
600883
600884
600885
600886
600887
600888
600889
600890
600891
600892
600893
600894
600895
600896
600897
600898
