002269
002270
002271
002272
002273
002274
002275
002276
002277
002278
002279
002280
002281
002282
002283
002284
002285
002286
002287
002288
002289
002290
002291
002292
002293
002294
002295
002296
002297
002298
002299
002300
002301
002302
002303
002304
002305
002306
002307
002308
002309
002310
002311
002312
002313
002314
002315
002316
002317
002318
002319
002320
002321
002322
002323
002324
002325
002326
002327
002328
002329
002330
002331
002332
002333
002334
002335
002336
002337
002338
002339
002340
002341
002342
002343
002344
002345
002346
002347
002348
002349
002350
002351
002352
002353
002354
002355
002356
002357
002358
002359
002360
002361
002362
002363
002364
002365
002366
002367
002368
002369
002370
002371
002372
002373
002374
002375
002376
002377
002378
002379
002380
002381
002382
002383
002384
002385
002386
002387
002388
002389
002390
002391
002392
002393
002394
002395
002396
002397
002398
002399
002400
002401
002402
002403
002404
002405
002406
002407
002408
002409
002410
002411
002412
002413
002414
002415
002416
002417
002418
002419
002420
002421
002422
002423
002424
002425
002426
002427
002428
002429
002430
002431
002432
002433
002434
002435
002436
002437
002438
002439
002440
002441
002442
002443
002444
002445
002446
002447
002448
002449
002450
002451
002452
002453
002454
002455
002456
002457
002458
002459
002460
002461
002462
002463
002464
002465
002466
002467
002468
002469
002470
002471
002472
002473
002474
002475
002476
002477
002478
002479
002480
002481
002482
002483
002484
002485
002486
002487
002488
002489
002490
002491
002492
002493
002494
002495
002496
002497
002498
002499
002500
002501
002502
002503
002504
002505
002506
002507
002508
002509
002510
002511
002512
002513
002514
002515
002516
002517
002518
002519
002520
002521
002522
002523
002524
002525
002526
002527
002528
002529
002530
002531
002532
002533
002534
002535
002536
002537
002538
002539
002540
002541
002542
002543
002544
002545
002546
002547
002548
002549
002550
002551
002552
002553
002554
002555
002556
002557
002558
002559
002560
002561
002562
002563
002564
002565
002566
002567
002568
002569
002570
002571
002572
002573
002574
002575
002576
002577
002578
002579
002580
002581
002582
002583
002584
002585
002586
002587
002588
002589
002590
002591
002592
002593
002594
002595
002596
002597
002598
002599
002600
002601
002602
002603
002604
002605
002606
002607
002608
002609
002610
002611
002612
002613
002614
002615
002616
002617
002618
002619
002620
002621
002622
002623
002624
002625
002626
002627
002628
002629
002630
002631
002632
002633
002634
002635
002636
002637
002638
002639
002640
002641
002642
002643
