002644
002645
002646
002647
002648
002649
002650
002651
002652
002653
002654
002655
002656
002657
002658
002659
002660
002661
002662
002663
002664
002665
002666
002667
002668
002669
002670
002671
002672
002673
002674
002675
002676
002677
002678
002679
002680
002681
002682
002683
002684
002685
002686
002687
002688
002689
002690
002691
002692
002693
002694
002695
002696
002697
002698
002699
002700
002701
002702
002703
002705
002706
002707
002708
002709
002711
002712
002713
002714
002715
002716
002717
002718
002719
002721
002722
002723
002724
002725
002726
002727
002728
002729
002730
002731
002732
002733
002734
002735
002736
002737
002738
002739
002740
002741
002742
002743
002745
002746
002747
002748
002749
002750
002751
002752
002753
002755
002756
002757
002758
002759
002760
002761
002762
002763
002765
002766
002767
002768
002769
002770
002771
002772
002773
002775
002776
002777
002778
002779
002780
002781
002782
002783
002785
002786
002787
002788
002789
002790
002791
002792
002793
002795
002796
002797
002798
002799
002800
002801
002802
002803
002805
002806
002807
002808
002809
002810
002811
002812
002813
002815
002816
002817
300001
300002
300003
300004
300005
300006
300007
300008
300009
300010
300011
300012
300013
300014
300015
300016
300017
300018
300019
300020
300021
300022
300023
300024
300025
300026
300027
300028
300029
300030
300031
300032
300033
300034
300035
300036
300037
300038
300039
300040
300041
300042
300043
300044
300045
300046
300047
300048
300049
300050
300051
300052
300053
300054
300055
300056
300057
300058
300059
300061
300062
300063
300064
300065
300066
300067
300068
300069
300070
300071
300072
300073
300074
300075
300076
300077
300078
300079
300080
300081
300082
300083
300084
300085
300086
300087
300088
300089
300090
300091
300092
300093
300094
300095
300096
300097
300098
300099
300100
300101
300102
300103
300104
300105
300106
300107
300108
300109
300110
300111
300112
300113
300114
300115
300116
300117
300118
300119
300120
300121
300122
300123
300124
300125
300126
300127
300128
300129
300130
300131
300132
300133
300134
300135
300136
300137
300138
300139
300140
300141
300142
300143
300144
300145
300146
300147
300148
300149
300150
300151
300152
300153
300154
300155
300156
300157
300158
300159
300160
300161
300162
300163
300164
300165
300166
300167
300168
300169
300170
300171
300172
300173
300174
300175
300176
300177
300178
300179
300180
300181
300182
300183
300184
300185
300186
300187
300188
300189
300190
300191
300192
300193
300194
300195
300196
300197
300198
300199
300200
300201
300202
300203
300204
300205
300206
300207
300208
300209
300210
300211
300212
300213
