600900
600908
600917
600919
600926
600936
600958
600959
600960
600961
600962
600963
600965
600966
600967
600969
600970
600971
600973
600975
600976
600977
600978
600979
600980
600981
600982
600983
600984
600985
600986
600987
600988
600990
600991
600992
600993
600995
600997
600998
600999
601000
601001
601002
601003
601005
601006
601007
601008
601009
601010
601011
601012
601015
601016
601018
601020
601021
601028
601038
601058
601069
601088
601098
601099
601100
601101
601106
601107
601111
601113
601116
601117
601118
601126
601127
601128
601137
601139
601155
601158
601163
601166
601168
601169
601177
601179
601186
601188
601198
601199
601208
601211
601216
601218
601222
601225
601226
601231
601233
601238
601258
601288
601299
601311
601313
601318
601328
601333
601336
601339
601368
601369
601377
601388
601390
601398
601500
601515
601518
601519
601555
601558
601566
601567
601579
601588
601595
601599
601600
601601
601608
601611
601616
601618
601628
601633
601636
601666
601668
601669
601677
601678
601688
601689
601699
601700
601717
601718
601727
601766
601777
601788
601789
601798
601799
601800
601801
601808
601811
601818
601857
601866
601872
601877
601880
601882
601886
601888
601890
601898
601899
601900
601901
601908
601918
601919
601928
601929
601933
601939
601958
601965
601966
601968
601969
601985
601988
601989
601991
601992
601996
601997
601998
601999
603000
603001
603002
603003
603005
603006
603007
603008
603009
603010
603011
603012
603015
603016
603017
603018
603019
603020
603021
603022
603023
603025
603026
603027
603028
603029
603030
603031
603066
603067
603069
603077
603085
603088
603090
603099
603100
603101
603108
603111
603116
603117
603118
603123
603126
603128
603131
603158
603159
603160
603166
603167
603168
603169
603188
603189
603198
603199
603203
603222
603223
603227
603258
603268
603288
603299
603300
603306
603308
603309
603311
603313
603315
603318
603322
603328
603333
603338
603339
603355
603366
603368
603369
603377
603393
603398
603399
603421
603456
603508
603515
603518
603519
603520
603528
603555
603558
603566
603567
603568
603569
603588
603589
603598
603599
603600
603601
603606
603608
603609
603611
603616
603618
603636
603658
603663
603667
603669
603678
603686
603688
603696
603698
603699
603701
603703
603716
603718
603726
603729
603737
603738
603766
603777
603778
603779
603788
603789
603798
603799
603800
603806
603808
603816
603818
603822
603828
603838
603843
603859
603861
603866
603868
603869
603883
603885
603887
603888
603889
603898
603899
603901
603909
603918
603919
603936
603939
603958
603959
603968
603969
603979
603986
603988
603989
603993
603996
603997
603998
603999
